timestamp,Tap Subs,T New Subs,T Views,T New Views,W Subs,W New Subs,Webtoons Views,Webtoons New Views,Webtoon month views,Webtoons New Views (Monthly),Webtoons Likes,Webtoons Rating,Trending Position,Popular Position
2017-12-26-23-59,,,299215,,,,,,,,,,,
2017-12-27-20-00,10393,,300092,877,17229,,,,116180,,29826,,,
2017-12-28-23-00,10432,39,301314,1222,17283,54,574800,,118471,2291,29921,9.28,,
2017-12-29-11-13,10451,19,301936,622,17300,17,575700,900,120481,2010,29962,9.28,,
2017-12-30-20-00,10492,41,303472,1536,17351,51,578900,3200,121974,1493,30146,9.29,,
2017-12-31-23-21,,,,,17402,51,,,123737,1763,30269,,,
2018-01-01-17-32,,,,,17435,33,,,0,-123737,30389,,,
2018-01-02-23-00,10606,,306627,,17489,54,585800,,1829,1829,30514,9.29,,
2018-01-03-01-25,10609,3,306690,63,17493,4,586000,200,3536,1707,30517,9.29,,
2018-01-04-23-00,10671,62,308487,1797,17544,51,589000,3000,4785,1249,30671,9.29,,
2018-01-05-23-00,10692,21,309222,735,17561,17,590600,1600,6496,1711,30743,9.29,,
2018-01-06-23-30,10818,126,322234,13012,17570,9,592000,1400,7618,1122,30803,9.29,,13
2018-01-07-23-30,10976,158,329005,6771,17785,215,597500,5500,8841,1223,31289,9.28,9,
2018-01-08-23-30,11176,200,334007,5002,18032,247,603900,6400,15648,6807,31884,9.28,,
2018-01-09-23-30,11229,53,335908,1901,18076,44,606000,2100,18963,3315,32053,9.29,,
2018-01-10-23-30,11271,42,337244,1336,18090,14,607300,1300,20463,1500,32115,9.29,,
2018-01-11-23-30,11311,40,338537,1293,18119,29,609300,2000,21741,1278,32239,9.29,,
2018-01-12-23-30,11347,36,339536,999,18137,18,610500,1200,22880,1139,32307,9.29,,
2018-01-13-23-30,11494,147,353377,13841,18358,221,640000,29500,33258,10378,34129,9.31,,10
2018-01-14-23-30,11567,73,358723,5346,18533,175,650300,10300,51226,17968,34621,9.31,,
2018-01-15-23-30,11611,44,361175,2452,18660,127,657200,6900,58060,6834,34979,9.31,,
2018-01-16-23-30,11658,47,363151,1976,18785,125,662400,5200,63677,5617,35385,9.32,,
2018-01-17-23-30,11697,39,364686,1535,18883,98,666600,4200,67280,3603,35614,9.32,,
2018-01-18-23-30,11748,51,366254,1568,18957,74,669800,3200,70196,2916,35799,9.3,,
2018-01-19-23-30,11785,37,367360,1106,19032,75,673400,3600,72598,2402,35979,9.31,,
2018-01-20-23-30,11826,41,369109,1749,19085,53,676800,3400,75336,2738,36173,9.31,,
2018-01-21-23-30,11865,39,370710,1601,19144,59,680000,3200,77961,2625,36318,9.31,,
2018-01-22-23-30,11896,31,371690,980,19181,37,682500,2500,80758,2797,36415,9.31,,
2018-01-23-23-30,11923,27,372502,812,19220,39,684500,2000,82503,1745,36467,9.31,,
2018-01-24-23-30,11954,31,373444,942,19273,53,686900,2400,84213,1710,36576,9.31,,
2018-01-25-23-30,12001,47,374636,1192,19319,46,689100,2200,85997,1784,36678,9.29,,
2018-01-26-23-30,12024,23,375785,1149,19364,45,691000,1900,87629,1632,36739,9.29,,
2018-01-27-23-30,12058,34,376932,1147,19460,96,703500,12500,89428,1799,37454,9.3,,
2018-01-28-23-30,12088,30,378169,1237,19639,179,728300,24800,108434,19006,39035,9.3,,
2018-01-29-23-30,12138,50,385744,7575,19698,59,734200,5900,120772,12338,39373,9.31,,22
2018-01-30-23-30,12258,120,395455,9711,19750,52,738300,4100,124798,4026,39577,9.3,,
2018-01-31-23-30,12281,23,398161,2706,19809,59,741700,3400,127484,2686,39681,9.3,,
2018-02-01-23-30,12300,19,399615,1454,19886,77,745000,3300,0,-127484,39836,9.3,,
2018-02-02-23-30,12317,17,400680,1065,19928,42,747700,2700,2333,2333,39913,9.3,,
2018-02-03-23-30,12351,34,402052,1372,19961,33,750800,3100,4288,1955,39997,9.31,,
2018-02-04-23-30,12392,41,403839,1787,20003,42,753700,2900,6752,2464,40094,9.31,,
2018-02-05-23-30,12438,46,405011,1172,20028,25,755700,2000,8904,2152,40169,9.31,,
2018-02-06-23-30,12488,50,406214,1203,20054,26,757400,1700,10445,1541,40227,9.31,,
2018-02-07-23-30,12527,39,407342,1128,20074,20,759400,2000,11854,1409,40330,9.3,,
2018-02-08-23-30,12552,25,408456,1114,20119,45,761500,2100,13401,1547,40463,9.3,,
2018-02-09-23-30,12581,29,409438,982,20135,16,763500,2000,14955,1554,40563,9.3,,
2018-02-10-23-30,12617,36,410586,1148,20177,42,766000,2500,16563,1608,40677,9.3,,
2018-02-11-23-30,12657,40,412014,1428,20241,64,769600,3600,19090,2527,40904,9.3,,
2018-02-12-23-30,12701,44,413515,1501,20248,7,771100,1500,21236,2146,40966,9.3,,
2018-02-13-23-30,12736,35,414759,1244,20523,275,810300,39200,40362,19126,43113,9.3,,
2018-02-14-23-30,12855,119,432186,17427,20767,244,823500,13200,57565,17203,43689,9.3,,6
2018-02-15-23-30,12938,83,438356,6170,21197,430,838900,15400,67950,10385,44419,9.27,,
2018-02-16-23-30,12972,34,440725,2369,21362,165,846500,7600,75598,7648,44820,9.23,,
2018-02-17-23-30,13017,45,443317,2592,21442,80,851900,5400,80851,5253,45031,9.22,,
2018-02-18-23-30,13057,40,445439,2122,21524,82,856700,4800,85350,4499,45247,9.22,,
2018-02-19-23-30,13151,94,448125,2686,21596,72,861300,4600,89093,3743,45396,9.23,,
2018-02-20-23-30,13198,47,449428,1303,21624,28,863700,2400,92235,3142,45442,9.23,,
2018-02-21-23-30,13230,32,450778,1350,21647,23,866300,2600,94177,1942,45496,9.23,,
2018-02-22-23-30,13279,49,452432,1654,21732,85,870000,3700,96532,2355,45782,9.23,,
2018-02-23-23-30,13317,38,453622,1190,21792,60,873400,3400,99190,2658,45977,9.23,,
2018-02-24-23-30,13353,36,455076,1454,21822,30,876600,3200,101522,2332,46066,9.23,,
2018-02-25-23-30,13381,28,456630,1554,21879,57,880200,3600,103855,2333,46257,9.23,,
2018-02-26-23-30,13415,34,457845,1215,21909,30,882800,2600,106856,3001,46345,9.23,,
2018-02-27-23-30,13440,25,459020,1175,21941,32,885200,2400,108570,1714,46418,9.23,,
2018-02-28-23-30,13507,67,460657,1637,22039,98,918300,33100,110346,1776,48240,9.22,,
2018-03-01-23-30,13614,107,479345,18688,22134,95,935800,17500,0,-110346,49174,9.21,,5
2018-03-02-23-30,13707,93,487714,8369,22198,64,942300,6500,8064,8064,49556,9.21,,
2018-03-03-23-30,13736,29,490531,2817,22247,49,947900,5600,12158,4094,49823,9.21,,
2018-03-04-23-30,13766,30,493136,2605,22335,88,953100,5200,16661,4503,50022,9.22,,
2018-03-05-23-30,13807,41,495060,1924,22407,72,957400,4300,20998,4337,50248,9.22,,
2018-03-06-23-30,13845,38,496430,1370,22442,35,960300,2900,23700,2702,50362,9.22,,
2018-03-07-23-30,13869,24,497556,1126,22480,38,963400,3100,26226,2526,50532,9.22,,
2018-03-08-23-30,13924,55,499421,1865,22506,26,965900,2500,28229,2003,50595,9.22,,
2018-03-09-23-30,13942,18,500466,1045,22534,28,968300,2400,30050,1821,50711,9.22,,
2018-03-10-23-30,13977,35,501840,1374,22562,28,971000,2700,31889,1839,50781,9.22,,
2018-03-11-23-30,14010,33,503296,1456,22609,47,974200,3200,33920,2031,50845,9.22,,
2018-03-12-23-30,14037,27,504941,1645,22644,35,976900,2700,36658,2738,50996,9.22,,
2018-03-13-23-30,14060,23,505982,1041,22661,17,979100,2200,38675,2017,51110,9.22,,
2018-03-14-23-30,14083,23,507003,1021,22684,23,981500,2400,40274,1599,51297,9.22,,
2018-03-15-23-30,14108,25,507975,972,22708,24,983500,2000,42121,1847,51404,9.22,,
2018-03-16-23-30,14138,30,508925,950,22709,1,984600,1100,43295,1174,51475,9.22,,
2018-03-17-23-30,14171,33,509688,763,22713,4,986100,1500,44194,899,51512,9.22,,
2018-03-18-23-30,14216,45,511396,1708,22740,27,987900,1800,45347,1153,51579,9.22,,
2018-03-19-23-30,14254,38,512436,1040,22752,12,989900,2000,47208,1861,51632,9.22,,
2018-03-20-23-30,14290,36,513452,1016,22755,3,991100,1200,48286,1078,51699,9.22,,
2018-03-21-14-30,14307,17,514193,741,22765,10,992200,1100,49397,1111,51763,9.22,,
