timestamp,Tap Subs,T New Subs,T Views,T New Views,W Subs,W New Subs,Webtoons Views,Webtoons New Views,Webtoon month views,Webtoons New Views (Monthly),Webtoons Likes,Webtoons Rating,Trending Position,Popular Position
2017-12-26-22-41,,,,,17166,,,,114052,,29733,,,
2017-12-26-22-42,,,,,17166,0,,,114052,0,29733,,,
2017-12-26-22-47,,,,,17166,0,,,114052,0,29733,,,
2017-12-26-22-48,,,,,17166,0,,,114052,0,29733,,,
2017-12-26-22-51,,,,,17165,-1,,,114052,0,29733,,,
2017-12-26-22-55,,,,,17165,0,,,114052,0,29733,,,
2017-12-26-23-00,,,,,17165,0,,,114052,0,29733,,,
2017-12-26-23-01,,,,,17167,2,,,114052,0,29733,,,
2017-12-26-23-25,,,299201,,,,,,,,,,,
2017-12-26-23-26,10372,,,,,,,,,,,,,
2017-12-26-23-27,10372,0,,,,,,,,,,,,
2017-12-26-23-35,,,299214,,,,,,,,,,,
2017-12-26-23-38,10372,,,,17169,,,,116180,,29733,,,
2017-12-26-23-41,,,299214,,,,,,,,,,,
2017-12-26-23-43,10372,,,,17169,,,,116180,,29733,,,
2017-12-26-23-59,,,299215,,,,,,,,,,,
2017-12-27-00-00,10372,,,,17170,,,,116180,,29733,,,
2017-12-27-00-05,,,299215,,,,,,,,,,,
2017-12-27-00-06,,,299215,0,,,,,,,,,,
2017-12-27-00-22,,,299218,3,,,,,,,,,,
2017-12-27-00-26,,,299221,3,,,,,,,,,,
2017-12-27-00-28,10372,,299221,0,17174,,,,116180,,29733,,,
2017-12-27-00-48,10372,0,299228,7,17178,4,,,116180,0,29735,,,
2017-12-27-00-58,10373,1,299253,25,17179,1,,,116180,0,29735,,,
2017-12-27-01-05,10373,0,299281,28,17180,1,,,116180,0,29735,,,
2017-12-27-01-48,10375,2,299349,68,,,,,,,,,,
2017-12-27-01-51,10375,0,299349,0,,,,,,,,,,
2017-12-27-01-54,10375,0,299349,0,17183,,,,116180,,29736,,,
2017-12-27-02-00,10375,0,299349,0,17183,0,,,116180,0,29736,,,
2017-12-27-02-10,10375,0,299350,1,17184,1,,,116180,0,29736,,,
2017-12-27-12-00,10382,7,299609,259,17207,23,,,116180,0,29781,,,
2017-12-27-13-00,10384,2,299662,53,17209,2,,,116180,0,29781,,,
2017-12-27-20-00,10393,9,300092,430,17229,20,,,116180,0,29826,,,
2017-12-28-03-00,10408,15,300587,495,17256,27,,,118471,2291,29834,,,
2017-12-28-03-03,10408,0,300589,2,17256,0,,,118471,0,29837,,,
2017-12-28-03-24,,,,,,,572800,,,,,9.28,,
2017-12-28-03-36,,,,,,,572900,100,,,,9.28,,
2017-12-28-03-37,,,,,,,572900,0,,,,9.28,,
2017-12-28-03-49,,,,,,,572900,0,,,,9.28,,
2017-12-28-03-50,,,,,,,572900,0,,,,9.28,,
2017-12-28-04-07,,,,,,,,,,,,,,
2017-12-28-04-15,,,,,,,,,,,,,,
2017-12-28-04-17,10408,,300594,,17256,,572900,,118471,,29840,9.28,,
2017-12-28-05-00,10408,0,300599,5,17256,0,572900,0,118471,0,29840,9.28,,
2017-12-28-14-05,10420,12,300862,263,17266,10,573500,600,118471,0,29841,9.28,,
2017-12-28-15-00,10422,2,300865,3,,,573600,100,,,,9.28,,
2017-12-28-16-07,10422,0,300922,57,17265,,573700,100,118471,,29878,9.28,,
2017-12-28-20-00,10426,4,301089,167,17274,9,574300,600,118471,0,29920,9.28,,
2017-12-28-21-00,,,,,17279,5,,,118471,0,29920,,,
2017-12-28-22-00,10431,,301267,,17280,1,574700,,118471,0,29920,9.28,,
2017-12-28-23-00,10432,1,301314,47,17283,3,574800,100,118471,0,29921,9.28,,
2017-12-29-00-00,10433,1,301403,89,17284,1,574900,100,120481,2010,29923,9.28,,
2017-12-29-01-00,10437,4,301472,69,17288,4,575100,200,120481,0,29923,9.28,,
2017-12-29-02-00,10440,3,301587,115,17288,0,575100,0,120481,0,29923,9.28,,
2017-12-29-03-00,10442,2,301626,39,17291,3,575300,200,120481,0,29923,9.28,,
2017-12-29-03-07,10442,0,301630,4,17291,0,575300,0,120481,0,29923,9.28,,
2017-12-29-04-00,10443,1,301670,40,17293,2,575300,0,120481,0,29923,9.28,,
2017-12-29-10-00,10448,5,301897,227,17298,5,575600,300,120481,0,29962,9.28,,
2017-12-29-11-13,10451,3,301936,39,17300,2,575700,100,120481,0,29962,9.28,,
2017-12-30-00-00,10470,19,302772,836,17321,21,577100,1400,121974,1493,30036,9.29,,
2017-12-30-01-00,10472,2,302804,32,17324,3,577200,100,121974,0,30037,9.29,,
2017-12-30-02-00,10475,3,302886,82,17322,-2,577300,100,121974,0,30037,9.29,,
2017-12-30-12-03,,,,,17329,7,,,121974,0,30084,,,
2017-12-30-13-11,,,,,17331,2,,,121974,0,30084,,,
2017-12-30-18-00,10489,,303354,,17345,14,578700,,121974,0,30111,9.29,,
2017-12-30-18-10,10489,0,303355,1,,,578700,0,,,,9.29,,
2017-12-30-18-14,10489,0,303355,0,,,578700,0,,,,9.29,,
2017-12-30-18-15,10489,0,303355,0,,,578700,0,,,,9.29,,
2017-12-30-18-17,10489,0,303355,0,17345,,578700,0,121974,,30122,9.29,,
2017-12-30-18-20,10489,0,303363,8,17345,0,578700,0,121974,0,30122,9.29,,
2017-12-30-18-27,10489,0,,,,,578700,0,,,,9.29,,
2017-12-30-18-31,10489,0,303371,,17347,,578700,0,121974,,30122,9.29,,
2017-12-30-18-38,10489,0,303371,0,17347,0,578700,0,121974,0,30122,9.29,,
2017-12-30-18-40,10489,0,,,,,,,,,,,,
2017-12-30-19-38,,,,,17351,,,,121974,,30146,,,
2017-12-30-20-00,10492,,303472,,17351,0,578900,,121974,0,30146,9.29,,
2017-12-31-06-56,,,,,17384,33,,,123737,1763,30241,,,
2017-12-31-14-00,10514,,303983,,17383,-1,580400,,123737,0,30241,9.29,,
2017-12-31-14-46,10515,1,303989,6,17382,-1,580400,0,123737,0,30242,9.29,,
2017-12-31-15-00,10514,-1,303991,2,17383,1,580400,0,123737,0,30242,9.29,,
2017-12-31-16-00,10515,1,304007,16,17385,2,580500,100,123737,0,30244,9.29,,
2017-12-31-17-00,10518,3,304043,36,17384,-1,580500,0,123737,0,30267,9.29,,
2017-12-31-18-07,,,,,17390,6,,,123737,0,30267,,,
2017-12-31-20-00,10525,,304173,,17392,2,580700,,123737,0,30267,9.29,,
2017-12-31-21-20,10525,0,304230,57,17395,3,580900,200,123737,0,30269,9.29,,
2017-12-31-23-21,,,,,17402,7,,,123737,0,30269,,,
2018-01-01-00-00,10534,,304388,,17400,-2,581100,,123737,0,30280,9.29,,
2018-01-01-10-23,,,,,17418,18,,,0,-123737,30331,,,
2018-01-01-11-35,10540,,304704,,17418,0,582000,,0,0,30331,9.29,,
2018-01-01-12-03,,,,,17418,0,,,0,0,30331,,,
2018-01-01-13-00,10543,,304791,,17418,0,582000,,0,0,30331,9.29,,
2018-01-01-13-46,10546,3,304849,58,17420,2,582100,100,0,0,30339,9.29,30,
2018-01-01-14-00,10548,2,304886,37,17420,0,582100,0,0,0,30339,9.29,30,
2018-01-01-15-00,10553,5,304953,67,17424,4,582300,200,0,0,30359,9.29,14,
2018-01-01-15-47,10557,4,304983,30,17427,3,582400,100,0,0,30360,9.29,,
2018-01-01-16-23,,,,,17430,3,,,0,0,30365,,,
2018-01-01-17-32,,,,,17435,5,,,0,0,30389,,,
2018-01-02-01-00,10578,,305554,,17448,13,583600,,1829,1829,30422,9.29,,
2018-01-02-08-00,10586,8,305836,282,17457,9,584200,600,1829,0,30471,9.29,,
2018-01-02-21-00,,,,,17482,25,585500,1300,1829,0,30510,9.29,,
2018-01-02-22-00,10602,,,,17485,3,585600,100,1829,0,30510,9.29,,
2018-01-02-23-00,10606,4,306627,,17489,4,585800,200,1829,0,30514,9.29,,
2018-01-03-00-00,10609,3,306656,29,17492,3,585800,0,1829,0,30515,9.29,,
2018-01-03-01-25,10609,0,306690,34,17493,1,586000,200,3536,1707,30517,9.29,,
2018-01-04-01-31,10638,29,307575,885,17507,14,587100,1100,3536,0,30518,9.29,,
2018-01-04-06-11,10650,12,307839,264,17513,6,587600,500,4785,1249,30576,9.29,,
2018-01-04-06-32,10653,3,307864,25,17514,1,587600,0,4785,0,30576,9.29,,
2018-01-04-06-37,10653,0,307864,0,17515,1,587600,0,4785,0,30576,9.29,,
2018-01-04-07-00,10655,2,307917,53,17517,2,587700,100,4785,0,30576,9.29,,
2018-01-04-08-00,10656,1,307950,33,17520,3,587800,100,4785,0,30576,9.29,,
2018-01-04-09-00,10656,0,307986,36,17522,2,587800,0,4785,0,30583,9.29,,
2018-01-04-10-00,10658,2,308033,47,17524,2,587900,100,4785,0,30591,9.29,,
2018-01-04-11-00,10661,3,308078,45,17529,5,588000,100,4785,0,30606,9.29,,
2018-01-04-12-00,10661,0,308102,24,17531,2,588100,100,4785,0,30606,9.29,,
2018-01-04-13-00,10661,0,308103,1,17531,0,588200,100,4785,0,30633,9.29,,
2018-01-04-14-00,10661,0,308156,53,17531,0,588300,100,4785,0,30633,9.29,,
2018-01-04-15-00,10663,2,308219,63,17536,5,588400,100,4785,0,30661,9.29,,
2018-01-04-16-00,10665,2,308265,46,17540,4,588500,100,4785,0,30662,9.29,,
2018-01-04-17-00,10666,1,308302,37,17541,1,588600,100,4785,0,30670,9.29,,
2018-01-04-18-00,10668,2,308346,44,17539,-2,588600,0,4785,0,30670,9.29,,
2018-01-04-19-00,10668,0,308352,6,17539,0,588700,100,4785,0,30670,9.29,,
2018-01-04-20-00,10669,1,308368,16,17539,0,588700,0,4785,0,30670,9.29,,
2018-01-04-21-00,10669,0,308374,6,17542,3,588800,100,4785,0,30670,9.29,,
2018-01-04-22-00,10670,1,308428,54,17544,2,588900,100,4785,0,30671,9.29,,
2018-01-04-23-00,10671,1,308487,59,17544,0,589000,100,4785,0,30671,9.29,,
2018-01-05-00-00,10672,1,308510,23,17548,4,589100,100,4785,0,30689,9.29,,
2018-01-05-01-00,10674,2,308553,43,17549,1,589200,100,4785,0,30689,9.29,,
2018-01-05-02-00,10674,0,308553,0,17552,3,589300,100,4785,0,30705,9.29,,
2018-01-05-03-00,10675,1,308590,37,17552,0,589400,100,4785,0,30707,9.29,,
2018-01-05-04-00,10674,-1,308605,15,17555,3,589500,100,4785,0,30707,9.29,,
2018-01-05-05-12,10676,2,308693,88,17558,3,589700,200,6496,1711,30727,9.29,,
2018-01-05-05-13,10676,0,308693,0,17558,0,589700,0,6496,0,30727,9.29,,
2018-01-05-05-21,10676,0,308693,0,17558,0,589700,0,6496,0,30727,9.29,,
2018-01-05-06-00,10676,0,308718,25,17558,0,589700,0,6496,0,30727,9.29,,
2018-01-05-06-21,10676,0,308720,2,17559,1,589800,100,6496,0,30727,9.29,,
2018-01-05-07-00,10676,0,308729,9,17559,0,589800,0,6496,0,30727,9.29,,
2018-01-05-08-00,10677,1,308771,42,17559,0,589900,100,6496,0,30727,9.29,,
2018-01-05-09-00,10679,2,308799,28,17559,0,589900,0,6496,0,30728,9.29,,
2018-01-05-10-00,10680,1,308813,14,17558,-1,590000,100,6496,0,30728,9.29,,
2018-01-05-11-00,10681,1,308829,16,17558,0,590000,0,6496,0,30728,9.29,,
2018-01-05-12-00,10681,0,308862,33,17558,0,590000,0,6496,0,30732,9.29,,
2018-01-05-13-00,10681,0,308872,10,17559,1,590100,100,6496,0,30732,9.29,,
2018-01-05-14-00,10681,0,308892,20,17559,0,590100,0,6496,0,30732,9.29,,
2018-01-05-15-00,10681,0,308924,32,17559,0,590100,0,6496,0,30732,9.29,,
2018-01-05-16-00,10681,0,308963,39,17559,0,590200,100,6496,0,30732,9.29,,
2018-01-05-17-00,10684,3,309007,44,17558,-1,590200,0,6496,0,30734,9.29,,
2018-01-05-18-00,10684,0,309007,0,17561,3,590300,100,6496,0,30734,9.29,,
2018-01-05-19-00,10684,0,309038,31,17561,0,590300,0,6496,0,30743,9.29,,
2018-01-05-20-00,10687,3,309112,74,17562,1,590400,100,6496,0,30743,9.29,,
2018-01-05-21-00,10691,4,309147,35,17562,0,590400,0,6496,0,30743,9.29,,
2018-01-05-22-00,10692,1,309197,50,17561,-1,590500,100,6496,0,30743,9.29,,
2018-01-05-23-00,10692,0,309222,25,17561,0,590600,100,6496,0,30743,9.29,,
2018-01-06-00-00,10692,0,309244,22,17563,2,590600,0,6496,0,30743,9.29,,
2018-01-06-01-00,10695,3,309255,11,17564,1,590700,100,6496,0,30743,9.29,,
2018-01-06-02-00,10695,0,309275,20,17563,-1,590800,100,6496,0,30743,9.29,,
2018-01-06-03-00,10695,0,309280,5,17564,1,590900,100,6496,0,30743,9.29,,
2018-01-06-04-00,10696,1,309379,99,17564,0,591000,100,6496,0,30743,9.29,,
2018-01-06-05-00,10704,8,311100,1721,17563,-1,591100,100,6496,0,30743,9.29,,
2018-01-06-05-09,10704,0,311268,168,17563,0,591100,0,6496,0,30746,9.29,17,
2018-01-06-05-30,10707,3,311714,446,17562,-1,591100,0,7618,1122,30746,9.29,17,
2018-01-06-06-00,10710,3,312419,705,17563,1,591100,0,7618,0,30755,9.29,11,
2018-01-06-06-30,10718,8,312956,537,17563,0,591200,100,7618,0,30774,9.29,10,
2018-01-06-07-00,10721,3,313357,401,17563,0,591200,0,7618,0,30775,9.29,7,
2018-01-06-07-30,10725,4,313825,468,17564,1,591200,0,7618,0,30775,9.29,7,
2018-01-06-08-00,10732,7,314173,348,17564,0,591200,0,7618,0,30775,9.29,11,
2018-01-06-08-30,10736,4,314478,305,17564,0,591300,100,7618,0,30776,9.29,16,
2018-01-06-09-00,10739,3,314793,315,17564,0,591400,100,7618,0,30776,9.29,17,
2018-01-06-09-30,10741,2,315215,422,17564,0,591400,0,7618,0,30797,9.29,14,29
2018-01-06-10-00,10744,3,315491,276,17563,-1,591400,0,7618,0,30797,9.29,16,27
2018-01-06-10-30,10746,2,315694,203,17563,0,591400,0,7618,0,30797,9.29,20,24
2018-01-06-11-00,10748,2,315902,208,17563,0,591400,0,7618,0,30797,9.29,16,24
2018-01-06-11-30,10752,4,316215,313,17563,0,591500,100,7618,0,30797,9.29,17,24
2018-01-06-12-00,10754,2,316482,267,17563,0,591500,0,7618,0,30797,9.29,28,24
2018-01-06-12-30,10754,0,316729,247,17563,0,591500,0,7618,0,30797,9.29,28,24
2018-01-06-13-00,10754,0,316893,164,17563,0,591500,0,7618,0,30797,9.29,,23
2018-01-06-13-30,10753,-1,317083,190,17564,1,591500,0,7618,0,30797,9.29,21,22
2018-01-06-14-00,10755,2,317322,239,17564,0,591600,100,7618,0,30797,9.29,21,22
2018-01-06-14-30,10755,0,317574,252,17565,1,591600,0,7618,0,30797,9.29,22,19
2018-01-06-15-00,10758,3,317863,289,17567,2,591600,0,7618,0,30797,9.29,27,19
2018-01-06-15-30,10758,0,318177,314,17567,0,591600,0,7618,0,30797,9.29,29,18
2018-01-06-16-00,10761,3,318431,254,17568,1,591700,100,7618,0,30797,9.29,,20
2018-01-06-16-30,10764,3,318633,202,17568,0,591700,0,7618,0,30797,9.29,,20
2018-01-06-17-00,10769,5,318983,350,17570,2,591700,0,7618,0,30797,9.29,,19
2018-01-06-17-30,10774,5,319356,373,17570,0,591700,0,7618,0,30797,9.29,,18
2018-01-06-18-00,10781,7,319673,317,17572,2,591800,100,7618,0,30797,9.29,,18
2018-01-06-18-30,10785,4,319970,297,17572,0,591800,0,7618,0,30802,9.29,,18
2018-01-06-19-00,10787,2,320164,194,17572,0,591800,0,7618,0,30802,9.29,,18
2018-01-06-19-30,10787,0,320348,184,17572,0,591900,100,7618,0,30802,9.29,,18
2018-01-06-20-00,10792,5,320662,314,17573,1,591900,0,7618,0,30802,9.29,,16
2018-01-06-20-30,10796,4,320892,230,17574,1,591900,0,7618,0,30802,9.29,,15
2018-01-06-21-00,10800,4,321138,246,17573,-1,591900,0,7618,0,30802,9.29,,15
2018-01-06-21-30,10803,3,321376,238,17574,1,592000,100,7618,0,30802,9.29,,16
2018-01-06-22-00,10805,2,321630,254,17572,-2,592000,0,7618,0,30802,9.29,,15
2018-01-06-22-30,10808,3,321762,132,17572,0,592000,0,7618,0,30802,9.29,,14
2018-01-06-23-00,10813,5,321993,231,17571,-1,592000,0,7618,0,30803,9.29,,13
2018-01-06-23-30,10818,5,322234,241,17570,-1,592000,0,7618,0,30803,9.29,,13
2018-01-07-00-00,10819,1,322509,275,17569,-1,592100,100,7618,0,30803,9.29,,14
2018-01-07-00-30,10823,4,322764,255,17569,0,592100,0,7618,0,30803,9.29,,14
2018-01-07-01-00,10826,3,322970,206,17570,1,592100,0,7618,0,30803,9.29,,14
2018-01-07-01-30,10832,6,323264,294,17570,0,592100,0,7618,0,30803,9.29,,13
2018-01-07-02-00,10839,7,323631,367,17569,-1,592200,100,7618,0,30803,9.29,,13
2018-01-07-02-30,10842,3,323871,240,17569,0,592200,0,7618,0,30803,9.3,,14
2018-01-07-03-00,10846,4,324054,183,17568,-1,592200,0,7618,0,30804,9.3,,14
